Vardas3487002 Pavarde7270902 10 1 6 9 6 10 10 2 7 4 6 8 8
Vardas5750721 Pavarde741865 4 4 6 3 1 2 10
Vardas6544199 Pavarde197754 8 5 4 1 4 1 5 9 10 3 7 10 6 9 1 6 3 9 8 1 8
Vardas3382721 Pavarde4534801 3 10 9 5 8 10 9
Vardas7037646 Pavarde3367473 7 2 7 5 1 7 8 7 9 9 2 6 1 4 5 4 1
Vardas5627337 Pavarde6931574 7 7 8 6 5 4 8 10 8 6
Vardas1781662 Pavarde3979027 5 5 2 9 7 6 4 4 2 8 1 5 2 6 9 8 7 2 9 2 2
Vardas4429092 Pavarde8036856 3 3 1 9 4 4 5 9 9 10 4 8 5 4 3 5 2
Vardas4547999 Pavarde3295051 8 6 3 9
Vardas3384713 Pavarde7268336 4 10 10 8 6 2 2 1 4 6 8
Vardas4309765 Pavarde5145213 9 5 4 1 8 2 3 10 5 2 3 5 4
Vardas239741 Pavarde1405527 8 6 6 8 9 5 8 5 10 7 10
Vardas4195541 Pavarde9242160 9 3
Vardas8908104 Pavarde9559420 9 4 10 4 2 1 3 9 1 7 5 7 3 7 9 4 7
Vardas3004216 Pavarde9145670 9 8 1 9 1 6 4 1 7 3 2 2
Vardas4590757 Pavarde3004018 3 9 3 5 4 3 4 2 6 7
Vardas7729353 Pavarde6250947 5 3 10 4 1 10 5 4 6 4 4 3 4 8 5 9 5 5
Vardas1874344 Pavarde4671031 6 8 4 1 1 6 2 8 3 8 9 9 10 2
Vardas3456813 Pavarde8845837 10 10 8 7 6 2 6 3 9 4 1 8
Vardas5100367 Pavarde7358888 7 1 8 1 4 5 10 2 9
Vardas8831574 Pavarde5435297 1 8 7 1 4 8 8 4 2 2 2 2 10 4
Vardas4861935 Pavarde1690803 3 10 4 1 5 2 4 5 9
Vardas8288925 Pavarde7657330 5 8 7 5 7 4 8 7
Vardas55011 Pavarde5365099 2 4 5 2 8 10 4 3 7 7 10 7 3 10 5 6 5 8
Vardas9831582 Pavarde4324648 4 1 1 7
Vardas5548611 Pavarde6357699 3 10 6 5 4 4 6 10 3 4 4 6 9 2 2 9
Vardas1008710 Pavarde1512248 9 8 5 4 10 3 9 5
Vardas7694202 Pavarde3040076 1 5 4 8 4 1 5 3
Vardas5314117 Pavarde3353825 10 8 2 9 1 6 4 3 6 9
Vardas2945593 Pavarde8042161 10 4
Vardas6883429 Pavarde1799403 2 10 7 6 10 7 8 1
Vardas233789 Pavarde9618898 1 9 1 6 6 3 8 9 1 6 10 8 10 6 3 9 5 1
Vardas3401634 Pavarde1929639 9 10 7 10 6 4 8 7 9 5 6 4 2 1 5 2 4 10 6 6
Vardas5949316 Pavarde6683371 4 10 5 8 7 7 3 2 8 2 2 3 1 9 7 1 9 5 2 2
Vardas1537773 Pavarde8795991 5 8 1 7 4 6
Vardas3250861 Pavarde2653833 3 7
Vardas5931332 Pavarde2803126 6 8
Vardas5045591 Pavarde6591462 3 3 7 7 6 5 6 6 3 3 5 5 5 8 9 6 8 9 4 2 6
Vardas9365069 Pavarde3741370 1 1 9 7 2 1 6 7 2 2 1 5 8
Vardas5279679 Pavarde8285147 5 10 10 7 10 9 6 2 2 7 8 2 8 5 4 9 10 4 1 10 1
Vardas3630716 Pavarde6841548 2 8 6 6 8 8 1 4 6 3 1 3 2 2 10 7 1
Vardas9110748 Pavarde9977359 9 1
Vardas517027 Pavarde1621241 2 4 2 5 6 4
Vardas6514890 Pavarde6845190 3 9 7 5
Vardas6603076 Pavarde1793687 1 3 3 2 10 2
Vardas1302070 Pavarde4927439 9 6 3
Vardas184118 Pavarde2060009 2 1 7 1 6 6 5 8 3 9 7 10 3 3 9 6 5 4 2
Vardas2871693 Pavarde545769 1 3 10 10 7 2 2 3
Vardas7347151 Pavarde785366 1 4 1 1 1 4 9 3 2 6 10 5 2 6 2 4 5 6 1 5
Vardas7629609 Pavarde3877344 1 3 8 6 9 10 3 7 10
Vardas66967 Pavarde1824567 10 2 2 3 8 10 9
Vardas8229651 Pavarde1311897 2 10 6 2 7 5 7 5 9 7 7 1 5 8 4 2 1 7 10 5 9
Vardas8617023 Pavarde1771266 5 10
Vardas6502914 Pavarde9209997 3 8 7 9
Vardas8158044 Pavarde3016894 2 3 6 1 5 2 1 9 9 6 4 3 5 7
Vardas2453170 Pavarde8710627 4 9 1 1 4 10 1 10 4 5 2 9 6 6 7 5 5
Vardas2854145 Pavarde5056744 3 6 3 7 1 10 10 2 8 4 7 9 3 6 9 10 7 8
Vardas220609 Pavarde7770464 8 5 6 10 4 3 7 4 3 4 6 1 6
Vardas1278255 Pavarde3873235 5 5 10 9 4
Vardas7745818 Pavarde8075518 8 9 5 6 4 6 8
Vardas3813869 Pavarde8884329 7 2 8 7 3 9 2 6 7 5 3 6 3 7 8 6 2 2 9 1 5
Vardas4058810 Pavarde1407668 9 7 8 7 3 3 2
Vardas930656 Pavarde2218467 8 1 3 5 4 8 3 8 3 2 6 4 6 1
Vardas2485935 Pavarde4993821 8 10 4 1 1
Vardas9202207 Pavarde5851644 10 9 9 10 9 8 1
Vardas9882506 Pavarde9294326 10 6 4 5
Vardas957153 Pavarde4207662 2 5 10 6 3 7 7 2 1 5 3 7 4 4 5 5 8 3 7 10
Vardas801835 Pavarde2295097 10 8 7 9 8 1 1 6 9 5 7 7 9 2 3
Vardas9675103 Pavarde6577495 6 1 6 8 8 4 4 4 9 7 8 2 5 5
Vardas7597978 Pavarde6137782 8 3 7 4 8 3 4 4 2 3 9 7 3 5 7 9 4 3
Vardas1861331 Pavarde1958411 7 7 7
Vardas8194267 Pavarde8323670 4 10 10 5 2 3 9 9
Vardas2906549 Pavarde3407484 8 5 9 10 3 1 1 9 6 7 3 6 2 4 7 2 9 8
Vardas8112287 Pavarde5107998 9 8 9 9 3 10 6 2 3 2 5 4 2 6 1 7 6
Vardas8362893 Pavarde2583689 8 2
Vardas5135704 Pavarde3594480 10 6
Vardas5810021 Pavarde2717327 2 6 4 1 10
Vardas2779822 Pavarde4957398 5 3 1 5 6 5 9 1 8 5 5 3 4 4 6 9 4
Vardas1135709 Pavarde950335 8 7 9 8 5 9 4 8 7 2 7 1 5 3 5 4 5 10 2 9 5
Vardas9835502 Pavarde3935681 5 8 6 6 2 10 7 8 3 4 4 7 10 7 6 10 7
Vardas8947076 Pavarde4337195 8 6
Vardas6333525 Pavarde1258845 2 1 5 9 9 6 10 10 5 4 6
Vardas5985871 Pavarde4187372 10 6 10 8 6 8 7 8 7 6 4 9 10 9 4 7 2 6
Vardas9472207 Pavarde8832882 7 1 10 2
Vardas9260479 Pavarde1306382 5 7 10 3 7 7 4 9 2 4 1 2 7 9 3
Vardas9392220 Pavarde2954544 2 6 10
Vardas5535736 Pavarde770632 7 2 2 7 6 5 10 9 2 1 9 8 4 8
Vardas8657700 Pavarde3190660 10 8 10 3 8
Vardas2148136 Pavarde8724756 10 4 3 7 2 2 4 3 3 4 10
Vardas9095614 Pavarde6555842 6 5 6 4
Vardas4904777 Pavarde633594 4 8 6 3 2 7 10 6
Vardas1331572 Pavarde3092164 3 9 7 1 1 1 3 7 2 1 6 3 5 1 7 1 7 6
Vardas9379809 Pavarde4409667 9 6 3 5 7 3 4 2 10 3 1 3 7 5 5
Vardas8999356 Pavarde8379035 7 7 9 4 9 1 2 2 7 5 9 1 7 5 5 4 6
Vardas5414260 Pavarde6308995 10 3 6 2 5 4 4 8 6
Vardas7904993 Pavarde5727102 9 2 6 2 6 8 9 1 7
Vardas983100 Pavarde3164612 4 8 5 6 4 4 1 6 7 10 9 10 4 5
Vardas7081164 Pavarde6151462 2 5 2 10 7 2 6 5 10 2 9 3
Vardas232417 Pavarde908123 5 9 1 4 2 7 4 3 8 6 3 3 10 7 9 8 5 4 1 9
Vardas2504342 Pavarde7886581 1 4 6 5 9 7 10 4 5 10 4 1 3 3 1 1 6 5