456 10
Vardas7270902 Pavarde5623536 4 10 1 6 9 6 10 10 2 7 4
Vardas7021476 Pavarde5292646 8 3 1 6 4 4 6 3 1 2 10
Vardas197754 Pavarde9671765 7 8 5 4 1 4 1 5 9 10 3
Vardas9213040 Pavarde6522347 6 9 1 6 3 9 8 1 8 3 5
Vardas2239673 Pavarde3382721 10 9 5 8 10 9 8 4 8 7 2
Vardas4984397 Pavarde6062249 1 7 8 7 9 9 2 6 1 4 5
Vardas971180 Pavarde3286317 5 7 6 7 7 8 6 5 4 8 10
Vardas5832371 Pavarde7524578 10 4 2 5 5 2 9 7 6 4 4
Vardas7927114 Pavarde1538069 1 5 2 6 9 8 7 2 9 2 2
Vardas8036856 Pavarde7666118 5 3 3 1 9 4 4 5 9 9 10
Vardas7989523 Pavarde3813395 5 4 3 5 2 2 4 5 8 6 3
Vardas4641712 Pavarde8826774 8 4 4 10 10 8 6 2 2 1 4
Vardas7618438 Pavarde5043083 6 6 5 9 5 4 1 8 2 3 10
Vardas1709692 Pavarde4606451 3 5 4 5 2 1 8 6 6 8 9
Vardas7681823 Pavarde4814459 5 10 7 10 1 10 5 9 3 8 10
Vardas8992229 Pavarde8908104 4 10 4 2 1 3 9 1 7 5 7
Vardas6796364 Pavarde2264243 9 4 7 6 10 4 9 8 1 9 1
Vardas3729545 Pavarde5461361 1 7 3 2 2 5 4 5 3 9 3
Vardas3412131 Pavarde4450356 3 4 2 6 7 9 7 8 5 3 10
Vardas625536 Pavarde3408364 10 5 4 6 4 4 3 4 8 5 9
Vardas4527057 Pavarde4222841 7 5 2 6 8 4 1 1 6 2 8
Vardas7397217 Pavarde2214635 9 9 10 2 6 9 4 10 10 8 7
Vardas1905354 Pavarde5103506 6 3 9 4 1 8 4 8 6 7 1
Vardas760140 Pavarde7635020 4 5 10 2 9 7 6 9 1 8 7
Vardas3180321 Pavarde291579 8 8 4 2 2 2 2 10 4 4 2
Vardas2535449 Pavarde4861935 10 4 1 5 2 4 5 9 4 8 9
Vardas7073650 Pavarde4787092 7 5 7 4 8 7 9 6 1 2 4
Vardas1958251 Pavarde4576969 8 10 4 3 7 7 10 7 3 10 5
Vardas4144184 Pavarde5938685 8 2 5 10 4 1 1 7 8 7 6
Vardas9382432 Pavarde2629998 6 5 4 4 6 10 3 4 4 6 9
Vardas1632421 Pavarde1885767 9 4 2 2 9 8 5 4 10 3 9
Vardas3265083 Pavarde4648593 4 8 1 5 4 8 4 1 5 3 5
Vardas5314117 Pavarde3353825 10 8 2 9 1 6 4 3 6 9 1
Vardas2945593 Pavarde8042161 10 4 4 2 7 2 10 7 6 10 7
Vardas569217 Pavarde7029059 9 10 1 1 9 1 6 6 3 8 9
Vardas5203721 Pavarde416169 10 8 10 6 3 9 5 1 10 2 4
Vardas9346362 Pavarde8162545 7 10 6 4 8 7 9 5 6 4 2
Vardas4313217 Pavarde829190 2 4 10 6 6 10 7 6 4 10 5
Vardas6741122 Pavarde7875220 7 3 2 8 2 2 3 1 9 7 1
Vardas4852185 Pavarde8540830 2 2 3 9 2 5 8 1 7 4 6
Vardas2653833 Pavarde390621 4 3 7 1 3 6 6 8 10 7 6
Vardas2677031 Pavarde2404476 7 7 6 5 6 6 3 3 5 5 5
Vardas8797800 Pavarde7927435 6 8 9 4 2 6 6 4 10 1 1
Vardas6547200 Pavarde8714245 2 1 6 7 2 2 1 5 8 10 9
Vardas4211717 Pavarde5279679 10 10 7 10 9 6 2 2 7 8 2
Vardas4543039 Pavarde7457691 4 9 10 4 1 10 1 8 7 4 2
Vardas5157100 Pavarde7426331 6 8 8 1 4 6 3 1 3 2 2
Vardas6636063 Pavarde9477012 1 1 10 10 9 1 3 2 1 2 4
Vardas4183132 Pavarde1548371 6 4 2 7 7 3 9 7 5 3 2
Vardas312186 Pavarde6603076 3 3 2 10 2 1 5 2 9 6 3
Vardas2060009 Pavarde8793821 1 2 1 7 1 6 6 5 8 3 9
Vardas9423911 Pavarde6573482 3 3 9 6 5 4 2 4 1 3 1
Vardas9155630 Pavarde2961819 10 7 2 2 3 10 1 8 1 4 1
Vardas261701 Pavarde806680 4 9 3 2 6 10 5 2 6 2 4
Vardas5500113 Pavarde4300400 1 5 4 4 8 1 3 8 6 9 10
Vardas6795716 Pavarde2434681 10 3 2 1 10 2 2 3 8 10 9
Vardas1311897 Pavarde9603302 9 2 10 6 2 7 5 7 5 9 7
Vardas87240 Pavarde6579445 5 8 4 2 1 7 10 5 9 1 2
Vardas4798995 Pavarde8617023 10 2 10 7 3 8 7 9 7 4 9
Vardas2117313 Pavarde1758838 6 1 5 2 1 9 9 6 4 3 5
Vardas7525667 Pavarde6804719 9 3 4 9 1 1 4 10 1 10 4
Vardas1177386 Pavarde4818707 9 6 6 7 5 5 9 6 3 3 6
Vardas6197734 Pavarde2663090 1 10 10 2 8 4 7 9 3 6 9
Vardas6281863 Pavarde9987537 8 6 8 1 8 5 6 10 4 3 7
Vardas2354727 Pavarde3825608 4 6 1 6 2 4 2 5 5 10 9
Vardas2654482 Pavarde3867661 9 8 8 9 5 6 4 6 8 10 9
Vardas6957294 Pavarde3813869 2 8 7 3 9 2 6 7 5 3 6
Vardas6499984 Pavarde2782026 8 6 2 2 9 1 5 3 2 5 9
Vardas7306455 Pavarde6620134 7 3 3 2 7 3 1 8 1 3 5
Vardas7891966 Pavarde3425648 3 8 3 2 6 4 6 1 2 5 3
Vardas9910647 Pavarde7411686 4 1 1 3 6 10 10 9 9 10 9
Vardas334066 Pavarde7331185 2 10 10 10 6 4 5 10 5 1 2
Vardas9384418 Pavarde4780393 6 3 7 7 2 1 5 3 7 4 4
Vardas4137548 Pavarde4251214 8 3 7 10 7 3 1 10 8 7 9
Vardas421092 Pavarde7095816 1 6 9 5 7 7 9 2 3 7 7
Vardas5197501 Pavarde9675103 1 6 8 8 4 4 4 9 7 8 2
Vardas4850201 Pavarde4168090 9 7 8 8 3 7 4 8 3 4 4
Vardas2158313 Pavarde1113604 9 7 3 5 7 9 4 3 1 2 2
Vardas6412690 Pavarde6427864 7 4 9 9 4 10 10 5 2 3 9
Vardas8232544 Pavarde8741953 4 3 8 5 9 10 3 1 1 9 6
Vardas2272006 Pavarde6350292 6 2 4 7 2 9 8 8 6 9 9
Vardas8260313 Pavarde7432809 9 3 10 6 2 3 2 5 4 2 6
Vardas6761316 Pavarde756126 6 1 3 9 8 2 1 4 6 10 6
Vardas2717327 Pavarde1938485 6 2 6 4 1 10 8 5 3 5 3
Vardas4969972 Pavarde930338 6 5 9 1 8 5 5 3 4 4 6
Vardas3246733 Pavarde8842986 10 1 2 8 7 9 8 5 9 4 8
Vardas1867890 Pavarde6133825 7 1 5 3 5 4 5 10 2 9 5
Vardas3935681 Pavarde7548718 10 5 8 6 6 2 10 7 8 3 4
Vardas6643441 Pavarde3725521 10 7 6 10 7 1 5 9 8 6 5
Vardas6333525 Pavarde1258845 2 1 5 9 9 6 10 10 5 4 6
Vardas4187372 Pavarde8419613 6 10 6 10 8 6 8 7 8 7 6
Vardas8042973 Pavarde3150436 10 9 4 7 2 6 2 9 10 7 1
Vardas1113274 Pavarde9998042 7 2 10 5 7 10 3 7 7 4 9
Vardas3981895 Pavarde1098394 1 2 7 9 3 1 3 10 2 6 10
Vardas770632 Pavarde6092256 6 7 2 2 7 6 5 10 9 2 1
Vardas7288953 Pavarde8451789 4 8 2 4 9 10 8 10 3 8 5
Vardas2148136 Pavarde8724756 10 4 3 7 2 2 4 3 3 4 10
Vardas6555842 Pavarde1053882 10 6 5 6 4 4 1 5 4 8 6
Vardas1903262 Pavarde2730596 7 10 6 9 4 2 3 9 7 1 1
Vardas2139727 Pavarde788411 7 2 1 6 3 5 1 7 1 7 6
Vardas4409667 Pavarde6559246 10 9 6 3 5 7 3 4 2 10 3
Vardas2966917 Pavarde784331 7 5 5 8 9 9 7 7 9 4 9
Vardas1547083 Pavarde177026 2 7 5 9 1 7 5 5 4 6 4
Vardas5414260 Pavarde6308995 10 3 6 2 5 4 4 8 6 4 6
Vardas8626065 Pavarde7904993 2 6 2 6 8 9 1 7 7 4 1
Vardas7759832 Pavarde3848640 5 6 4 4 1 6 7 10 9 10 4
Vardas5344652 Pavarde4395527 7 8 2 5 2 10 7 2 6 5 10
Vardas8144938 Pavarde1619584 3 10 1 1 5 9 1 4 2 7 4
Vardas7804105 Pavarde2342254 6 3 3 10 7 9 8 5 4 1 9
Vardas7886581 Pavarde8204440 3 1 4 6 5 9 7 10 4 5 10
Vardas780921 Pavarde3421044 3 3 1 1 6 5 3 2 10 1 5
Vardas8852555 Pavarde8832259 3 2 5 1 8 9 1 4 3 5 2
Vardas8894736 Pavarde406368 1 10 3 1 10 4 8 7 6 8 9
Vardas1090909 Pavarde1742351 5 3 9 3 1 2 8 10 3 3 5
Vardas4208215 Pavarde7371263 5 3 2 3 5 7 4 8 5 2 9
Vardas6676236 Pavarde32424 8 7 5 7 3 8 2 6 10 5 3
Vardas4680888 Pavarde1429687 6 7 8 6 7 3 7 10 5 4 3
Vardas9451676 Pavarde2649375 2 7 10 8 1 5 10 2 6 2 9
Vardas5390711 Pavarde6072359 10 7 10 7 1 1 7 5 1 3 3
Vardas5821315 Pavarde6837547 7 3 3 3 1 6 1 4 6 4 9
Vardas3929259 Pavarde8702570 2 4 6 7 9 9 2 10 8 1 6
Vardas1643160 Pavarde7002197 10 9 8 4 10 7 5 10 9 3 7
Vardas9304635 Pavarde8997400 9 9 1 8 10 9 1 1 6 7 10
Vardas5934100 Pavarde2260290 3 5 7 3 2 5 7 9 3 2 8
Vardas7673756 Pavarde5985461 2 9 8 8 3 7 3 4 6 2 2
Vardas3301344 Pavarde1200947 1 7 6 10 4 4 5 8 6 7 4
Vardas111080 Pavarde5028193 4 4 10 10 7 10 5 5 6 4 4
Vardas1182905 Pavarde3867015 9 3 8 9 1 1 9 7 7 1 3
Vardas2495858 Pavarde337234 6 8 6 8 9 10 6 4 10 8 1
Vardas3726231 Pavarde764618 7 6 9 10 5 8 5 6 2 8 1
Vardas5003986 Pavarde7032437 6 10 9 10 3 1 9 1 2 9 3
Vardas7696228 Pavarde4191068 2 4 5 6 9 8 8 1 4 9 6
Vardas5426551 Pavarde8407655 5 3 9 4 8 5 2 8 3 10 5
Vardas5084867 Pavarde6120938 2 6 9 3 6 7 3 1 3 3 5
Vardas5317659 Pavarde8821653 9 1 6 4 3 4 10 4 7 3 1
Vardas7781887 Pavarde1635679 2 1 9 10 1 6 4 2 5 10 4
Vardas1185075 Pavarde5582327 10 6 8 9 9 4 2 4 10 4 2
Vardas5881215 Pavarde4358397 6 6 2 3 4 6 3 4 8 10 6
Vardas3019786 Pavarde4902578 4 10 3 7 3 4 2 6 6 3 9
Vardas4763620 Pavarde1693784 3 8 1 1 5 10 9 2 4 7 1
Vardas2328574 Pavarde267987 1 6 10 10 3 3 10 10 9 1 2
Vardas7426008 Pavarde340824 4 2 10 6 6 2 8 6 2 3 7
Vardas829860 Pavarde7268501 4 10 6 5 1 3 4 10 1 10 9
Vardas4969843 Pavarde1744967 2 4 4 6 8 10 1 2 6 2 6
Vardas1690906 Pavarde4336363 3 10 7 4 4 5 1 3 10 10 9
Vardas6131557 Pavarde6711076 8 6 8 1 7 1 2 6 9 1 4
Vardas9260885 Pavarde6683576 4 6 3 2 4 8 3 4 8 7 5
Vardas2058404 Pavarde5357603 4 2 4 3 8 6 6 9 6 7 3
Vardas1882156 Pavarde7380271 9 6 8 6 3 7 1 3 7 8 2
Vardas9536223 Pavarde9227636 6 7 7 10 2 8 5 6 7 8 8
Vardas1473265 Pavarde344764 5 4 2 10 4 9 3 8 5 9 9
Vardas3889438 Pavarde3010134 9 4 6 1 10 7 8 3 4 1 3
Vardas1360028 Pavarde6670668 8 10 6 7 2 8 6 2 6 2 2
Vardas2005858 Pavarde4708544 8 9 4 3 1 4 3 9 10 5 4
Vardas7610594 Pavarde6071176 1 8 9 3 3 10 5 2 4 7 1
Vardas2841600 Pavarde6091303 2 2 6 6 4 3 8 6 4 9 2
Vardas1710094 Pavarde3879807 3 9 9 8 2 3 1 3 9 9 9
Vardas4264288 Pavarde2751426 1 2 10 10 1 8 9 7 5 8 8
Vardas4458274 Pavarde7480130 7 5 1 3 3 10 3 4 6 8 6
Vardas9517711 Pavarde5567493 2 8 5 3 6 5 3 5 3 9 6
Vardas7012770 Pavarde1410768 1 7 10 10 3 10 6 4 2 9 4
Vardas7332674 Pavarde3497177 5 4 9 10 4 2 7 7 8 9 6
Vardas5583968 Pavarde5665472 4 2 8 3 9 8 8 1 9 10 2
Vardas5829796 Pavarde696632 2 8 4 10 9 4 2 4 2 7 7
Vardas2114272 Pavarde2519461 9 9 4 2 7 3 9 1 3 9 6
Vardas6332255 Pavarde6127309 9 10 4 10 5 2 5 4 3 2 3
Vardas1967750 Pavarde3150401 6 2 10 6 2 3 6 6 1 3 4
Vardas7674927 Pavarde6706213 6 7 9 5 9 8 5 1 9 5 9
Vardas502126 Pavarde6094448 6 6 3 7 8 5 7 7 3 7 3
Vardas6590130 Pavarde3601325 1 6 2 5 1 8 1 8 5 2 2
Vardas1088752 Pavarde7848349 5 5 3 9 2 5 8 3 4 2 7
Vardas2754765 Pavarde5117223 2 7 6 1 6 9 1 3 9 5 3
Vardas9836655 Pavarde5754105 3 5 8 7 6 3 7 5 2 5 3
Vardas2809420 Pavarde1719647 4 10 6 10 4 1 7 4 1 2 6
Vardas687305 Pavarde9042901 3 2 2 7 10 1 6 3 8 3 8
Vardas9101421 Pavarde9319074 10 2 4 6 8 2 1 10 10 7 8
Vardas3575333 Pavarde6155767 6 6 8 2 10 3 6 1 5 9 2
Vardas8333690 Pavarde8016148 7 6 7 10 8 6 7 6 4 3 6
Vardas6438263 Pavarde7394099 2 1 5 4 10 3 7 6 8 9 7
Vardas8185539 Pavarde5625972 9 1 9 10 4 9 8 8 5 5 4
Vardas6682866 Pavarde707755 3 10 9 5 10 4 4 4 6 1 9
Vardas913493 Pavarde3528830 3 2 4 5 5 9 9 1 4 5 2
Vardas5087889 Pavarde314387 1 5 7 3 2 2 1 8 6 6 7
Vardas3769130 Pavarde4987297 7 1 1 10 9 4 2 5 1 7 8
Vardas5128747 Pavarde848091 4 4 7 4 9 6 1 4 2 2 9
Vardas8090475 Pavarde7433082 4 10 7 10 9 10 6 3 5 2 8
Vardas8101074 Pavarde6470768 3 6 10 5 7 5 3 9 2 4 1
Vardas7133013 Pavarde2202001 9 10 2 9 4 4 7 7 6 8 1
Vardas844208 Pavarde106066 6 3 9 4 10 9 7 6 9 10 9
Vardas4702841 Pavarde7225748 10 10 3 4 2 7 3 3 6 5 1
Vardas2702582 Pavarde9343246 3 5 2 5 7 3 5 4 3 8 10
Vardas4397285 Pavarde230867 9 7 1 5 3 3 3 8 2 3 9
Vardas2357623 Pavarde4680638 4 10 1 5 10 5 7 9 7 5 3
Vardas9801055 Pavarde6268059 6 6 4 4 8 3 5 5 2 1 6
Vardas7760124 Pavarde9307444 2 9 3 5 10 5 6 2 5 3 2
Vardas5098296 Pavarde6198854 9 9 3 4 6 5 6 7 9 3 10
Vardas1551964 Pavarde9585422 9 6 1 2 3 3 9 1 9 4 10
Vardas3241912 Pavarde6438491 1 8 7 2 8 9 3 6 4 8 1
Vardas4108911 Pavarde5720869 4 1 5 2 8 1 3 7 1 3 7
Vardas7658456 Pavarde9095423 10 6 5 7 3 10 9 7 3 3 3
Vardas5735575 Pavarde5820047 5 9 6 1 4 4 5 8 6 10 6
Vardas7651777 Pavarde8283202 3 2 9 4 1 6 7 1 2 1 2
Vardas7747388 Pavarde7582471 6 3 6 4 10 2 7 3 7 8 5
Vardas8856021 Pavarde138505 8 10 3 4 9 3 5 7 8 3 5
Vardas7643538 Pavarde9683758 6 3 9 10 4 5 9 6 4 9 8
Vardas3989209 Pavarde5552427 2 1 5 8 10 9 5 6 5 7 8
Vardas5918304 Pavarde937658 3 9 9 2 2 6 3 2 6 8 9
Vardas434260 Pavarde6861925 1 7 7 7 7 6 1 8 6 4 6
Vardas863699 Pavarde8677418 9 4 4 5 9 1 2 1 1 3 2
Vardas7102563 Pavarde7468958 8 8 3 9 4 1 6 1 1 1 1
Vardas7410143 Pavarde5379239 1 9 6 9 9 7 1 6 6 1 1
Vardas1474062 Pavarde4223190 2 5 4 4 5 8 2 10 8 5 7
Vardas4167302 Pavarde1544116 10 7 8 5 6 9 6 9 10 3 10
Vardas5405334 Pavarde3659141 6 7 5 8 8 3 1 6 8 6 2
Vardas1438925 Pavarde6141253 5 5 1 4 4 9 8 10 2 7 6
Vardas8969886 Pavarde6460955 9 2 10 4 2 4 4 7 10 1 7
Vardas1983987 Pavarde4159676 4 7 1 10 10 3 1 5 8 9 6
Vardas4172597 Pavarde3078735 9 4 6 7 10 4 6 3 4 8 4
Vardas6458948 Pavarde4750814 8 6 8 6 8 2 4 6 6 7 8
Vardas2302576 Pavarde6731218 6 5 6 5 10 3 3 2 2 2 2
Vardas942238 Pavarde538577 9 4 3 9 6 1 1 4 2 5 8
Vardas1393043 Pavarde7921317 7 1 1 7 10 6 5 1 4 6 5
Vardas8564359 Pavarde3335248 1 10 6 9 7 9 1 7 7 10 3
Vardas1060902 Pavarde8939359 2 1 10 4 2 1 4 5 3 1 9
Vardas161571 Pavarde3997018 4 7 5 10 7 9 9 1 9 6 9
Vardas5956018 Pavarde7630964 4 6 6 2 9 7 1 2 2 4 3
Vardas9304703 Pavarde8235544 7 2 10 10 9 4 4 6 5 4 9
Vardas116221 Pavarde552064 9 6 2 1 5 8 10 7 8 1 2
Vardas3376109 Pavarde3874548 4 2 2 4 8 7 8 3 3 6 8
Vardas9564942 Pavarde8056622 7 4 8 7 6 1 4 1 9 6 4
Vardas5450901 Pavarde704181 5 5 8 8 8 5 5 1 9 1 7
Vardas4165850 Pavarde5543514 8 5 2 5 1 4 8 4 5 8 7
Vardas8274658 Pavarde7087927 7 4 3 3 7 4 4 8 10 1 1
Vardas7418881 Pavarde584466 8 7 1 8 4 7 4 9 10 6 10
Vardas2305188 Pavarde3866721 7 5 1 10 1 3 10 2 3 1 1
Vardas5050402 Pavarde330739 5 7 10 8 9 7 3 4 9 1 3
Vardas38945 Pavarde4221425 3 7 1 4 1 4 5 8 8 1 3
Vardas5389977 Pavarde1907421 2 3 2 3 1 2 2 2 4 8 7
Vardas6586947 Pavarde4732152 5 10 10 5 4 3 2 6 5 10 7
Vardas5065305 Pavarde8838440 4 6 8 9 8 7 5 4 1 3 9
Vardas4842966 Pavarde6263350 2 4 4 5 3 5 7 3 2 8 10
Vardas7182059 Pavarde9422468 6 2 4 4 4 3 5 4 7 3 10
Vardas7809419 Pavarde7775899 9 10 5 5 7 8 3 7 1 5 2
Vardas214893 Pavarde1672506 1 9 2 5 5 5 3 5 3 9 8
Vardas9464344 Pavarde9754806 10 2 7 9 3 4 2 5 7 4 3
Vardas3114774 Pavarde6361563 10 1 9 8 8 1 10 5 4 10 9
Vardas8984778 Pavarde9869656 2 5 4 2 4 6 5 1 10 1 2
Vardas756932 Pavarde1610692 10 7 10 9 6 7 4 4 6 4 8
Vardas8285365 Pavarde4252944 8 10 9 4 10 8 4 3 3 10 5
Vardas8204947 Pavarde5089678 4 8 5 5 6 2 7 10 6 10 1
Vardas1491982 Pavarde3442335 2 10 5 1 7 4 9 7 1 3 1
Vardas9509601 Pavarde7420350 10 9 10 8 2 2 4 8 6 1 9
Vardas155344 Pavarde9209549 4 1 6 10 2 7 10 7 6 7 10
Vardas1777287 Pavarde5953693 9 10 10 8 2 10 9 3 6 5 8
Vardas3655400 Pavarde9636151 3 2 5 10 1 1 10 4 5 6 6
Vardas3099782 Pavarde7747274 8 7 10 7 8 8 4 9 6 8 9
Vardas8147910 Pavarde2712842 6 1 9 6 1 9 3 5 1 1 6
Vardas6540030 Pavarde779715 1 3 4 4 4 9 1 6 2 3 7
Vardas4161351 Pavarde1880311 9 2 6 9 7 10 7 8 7 7 3
Vardas8012038 Pavarde4162121 1 9 9 4 2 7 8 7 5 1 4
Vardas4822641 Pavarde8498555 2 7 10 5 4 2 7 3 1 1 5
Vardas8948747 Pavarde4696389 6 3 3 2 7 3 1 1 8 2 9
Vardas9952193 Pavarde8226471 5 9 6 3 8 3 8 2 5 5 4
Vardas541308 Pavarde557566 3 2 3 4 5 10 9 2 4 10 1
Vardas514939 Pavarde7951089 1 5 2 6 6 3 6 4 7 3 3
Vardas1778958 Pavarde9419218 5 8 3 2 2 7 9 7 6 8 2
Vardas4791446 Pavarde837740 8 3 1 3 8 4 7 1 9 3 8
Vardas1278875 Pavarde3576791 10 9 3 6 6 10 7 4 9 9 10
Vardas8114870 Pavarde2858326 7 10 6 8 1 10 6 2 4 1 4
Vardas5670038 Pavarde8838407 10 10 2 3 1 7 8 6 7 9 10
Vardas2301998 Pavarde8180617 5 6 7 4 5 3 10 5 1 9 2
Vardas4382787 Pavarde6099497 7 5 5 2 2 7 2 10 6 9 3
Vardas9813467 Pavarde3508802 9 4 5 9 7 8 9 3 5 2 10
Vardas6948375 Pavarde5314415 4 3 10 1 1 8 7 9 9 2 5
Vardas8167112 Pavarde8092399 3 5 6 1 1 7 5 5 7 1 1
Vardas4933526 Pavarde4055753 6 4 4 4 1 5 4 10 8 10 8
Vardas5913175 Pavarde6545586 5 1 8 9 9 6 9 2 7 10 5
Vardas9765435 Pavarde8967382 9 7 2 5 10 4 8 5 6 2 1
Vardas2104327 Pavarde8152544 8 6 5 1 7 1 8 4 7 8 6
Vardas8295567 Pavarde3621692 9 6 8 6 9 7 1 8 2 10 9
Vardas2883543 Pavarde961120 7 8 8 2 5 5 7 6 7 8 2
Vardas9397448 Pavarde9216615 5 8 9 4 8 7 10 4 2 9 7
Vardas8547987 Pavarde2775830 7 9 5 8 8 5 9 6 6 1 9
Vardas2615050 Pavarde383575 1 3 7 6 9 5 7 3 9 5 8
Vardas8437131 Pavarde2092766 7 1 5 5 10 10 10 10 9 8 7
Vardas9010378 Pavarde9969170 6 10 10 8 7 4 1 6 10 10 1
Vardas1416462 Pavarde2989254 1 1 3 3 2 8 3 3 3 3 1
Vardas2680412 Pavarde2416132 10 4 1 7 4 7 3 2 9 1 9
Vardas8753264 Pavarde9281585 4 3 5 10 10 8 6 3 9 2 9
Vardas9816331 Pavarde9426622 10 6 5 6 2 2 10 8 7 2 9
Vardas4741334 Pavarde6080293 9 5 3 3 2 8 7 2 6 1 10
Vardas4476626 Pavarde7745629 10 8 5 6 8 8 9 7 2 5 3
Vardas6774965 Pavarde2225920 2 6 2 7 4 1 2 4 5 5 3
Vardas3244501 Pavarde5898766 10 7 7 3 1 1 10 1 6 5 8
Vardas5816345 Pavarde5355981 10 8 5 8 3 3 7 4 4 6 8
Vardas6072562 Pavarde8698125 3 8 9 9 2 10 3 1 1 7 6
Vardas574431 Pavarde4716965 2 3 3 5 2 5 6 8 9 8 6
Vardas933911 Pavarde7535897 1 3 5 2 3 10 8 3 9 3 5
Vardas6341948 Pavarde6410030 6 1 4 4 1 8 3 9 7 4 10
Vardas5431167 Pavarde5001773 6 7 6 8 6 10 9 3 10 3 6
Vardas7164423 Pavarde696387 4 9 3 9 10 7 2 7 3 10 4
Vardas6289539 Pavarde9397280 7 9 7 1 1 4 5 3 3 2 4
Vardas8684778 Pavarde7068823 2 6 6 10 6 2 2 7 10 5 10
Vardas9808898 Pavarde2366110 6 3 10 3 1 9 10 4 1 4 3
Vardas1575119 Pavarde9089676 3 3 7 5 8 1 5 3 6 9 6
Vardas1920467 Pavarde2586491 9 7 7 2 2 1 3 8 10 8 8
Vardas3923302 Pavarde3545600 6 2 4 6 10 3 6 6 7 2 3
Vardas4414725 Pavarde9436486 6 3 10 1 4 4 6 8 1 6 7
Vardas1598886 Pavarde7082196 3 6 2 8 8 2 6 3 6 7 7
Vardas1934149 Pavarde144954 2 9 4 9 7 6 9 4 3 10 4
Vardas8354029 Pavarde8228799 5 2 7 8 9 4 10 6 1 1 2
Vardas8877792 Pavarde3174696 9 4 8 4 6 6 6 5 3 2 8
Vardas4891865 Pavarde2179692 2 3 5 9 9 9 6 2 7 8 1
Vardas822865 Pavarde4356373 1 10 8 10 5 6 1 10 6 7 7
Vardas2747118 Pavarde5091671 6 6 4 10 4 4 1 6 4 2 6
Vardas5880406 Pavarde6867 7 1 8 2 4 6 3 4 10 8 6
Vardas9382252 Pavarde3241229 3 4 6 10 8 7 9 3 9 9 1
Vardas8844846 Pavarde5410802 5 10 9 9 4 5 10 6 7 8 4
Vardas469925 Pavarde3067205 8 5 2 8 1 3 2 9 6 9 2
Vardas3695510 Pavarde7205488 8 3 5 1 9 8 5 1 5 8 2
Vardas2577893 Pavarde7440319 3 8 1 8 10 1 4 1 2 4 8
Vardas5345040 Pavarde1014184 5 5 5 10 4 1 1 4 4 5 9
Vardas3769690 Pavarde7030304 3 9 4 5 9 4 10 5 2 2 5
Vardas1781574 Pavarde7250978 8 7 4 3 8 1 2 7 4 3 2
Vardas7620937 Pavarde664768 5 10 5 10 9 4 5 7 5 6 1
Vardas8033128 Pavarde2491565 2 10 6 4 10 10 10 7 6 3 1
Vardas2689121 Pavarde5610647 4 10 8 9 4 6 3 8 6 7 3
Vardas6310763 Pavarde4827125 8 1 6 1 4 5 2 7 5 2 5
Vardas6907852 Pavarde2256504 10 9 5 3 7 9 2 4 3 6 3
Vardas3642354 Pavarde250948 5 2 10 5 10 8 8 1 7 5 5
Vardas8193661 Pavarde935021 4 1 9 7 2 6 9 5 1 8 7
Vardas8220173 Pavarde7485752 4 8 4 7 10 5 7 8 8 8 10
Vardas2911332 Pavarde5834188 4 10 4 8 7 8 2 4 2 2 5
Vardas7058793 Pavarde2534146 3 9 5 3 2 1 8 6 6 9 2
Vardas6447407 Pavarde5595163 10 4 7 6 5 4 4 5 1 7 3
Vardas458670 Pavarde6067831 1 1 4 3 3 8 7 6 10 10 8
Vardas32659 Pavarde6430313 10 6 9 3 8 4 4 7 8 4 3
Vardas2135572 Pavarde779035 4 5 8 5 4 4 1 8 10 5 7
Vardas8032350 Pavarde5868003 9 1 2 6 8 2 8 6 3 1 8
Vardas9638835 Pavarde499710 7 1 2 3 9 1 10 6 9 6 8
Vardas3726253 Pavarde3573450 10 2 5 7 3 3 2 6 6 10 2
Vardas2643624 Pavarde6537101 2 6 1 10 7 6 1 7 6 1 8
Vardas626328 Pavarde8266235 6 10 1 1 6 10 8 10 8 7 9
Vardas1136969 Pavarde7187103 9 6 4 5 3 5 8 1 10 10 6
Vardas5726533 Pavarde5442212 9 8 2 2 1 10 5 7 1 8 9
Vardas3164552 Pavarde5818653 5 7 6 9 6 9 6 9 4 10 8
Vardas9998943 Pavarde9018305 9 4 6 6 7 1 9 9 8 4 9
Vardas7298557 Pavarde1824766 9 3 6 4 2 7 7 7 10 8 6
Vardas598120 Pavarde880059 10 8 6 10 5 10 4 3 6 2 4
Vardas3502447 Pavarde2669091 1 9 5 3 6 6 6 8 2 1 10
Vardas3387494 Pavarde5476201 10 4 1 5 6 6 6 3 2 7 9
Vardas900792 Pavarde2732109 2 4 8 7 10 8 9 6 5 10 2
Vardas7060835 Pavarde4669403 7 9 8 10 5 1 2 10 4 5 9
Vardas6436229 Pavarde3132218 6 10 9 4 9 7 9 10 9 8 3
Vardas138751 Pavarde8293042 8 6 5 9 5 5 7 9 3 2 5
Vardas1289174 Pavarde5498188 7 2 9 2 2 7 5 2 1 1 1
Vardas4572619 Pavarde4192586 9 3 9 5 3 6 1 3 2 1 10
Vardas6696551 Pavarde5257141 8 7 2 9 10 7 6 4 8 7 2
Vardas1302425 Pavarde6296477 2 9 8 3 5 7 1 9 2 10 1
Vardas5492319 Pavarde3645657 3 3 9 3 5 7 4 8 4 3 2
Vardas3786799 Pavarde524141 7 9 10 5 3 10 2 4 9 6 9
Vardas6913736 Pavarde8876949 7 9 5 2 9 4 2 2 8 10 8
Vardas5772059 Pavarde2180082 6 10 9 6 7 1 1 1 5 9 3
Vardas1475246 Pavarde9449006 9 6 8 6 1 10 10 5 4 2 1
Vardas6706731 Pavarde9053817 2 2 4 1 5 6 1 10 5 2 5
Vardas8841595 Pavarde9754220 5 4 4 4 8 5 10 5 8 9 1
Vardas1832291 Pavarde3518446 6 1 9 7 2 6 6 5 2 2 9
Vardas2952324 Pavarde8811838 9 8 5 10 2 9 4 8 5 6 9
Vardas258718 Pavarde1954315 8 1 4 3 7 8 9 6 2 1 7
Vardas8709519 Pavarde6314771 1 2 10 4 8 2 10 9 1 8 7
Vardas1578002 Pavarde392055 2 3 9 9 2 5 5 2 1 3 5
Vardas4094370 Pavarde6538756 3 5 9 5 8 6 6 10 1 1 10
Vardas1181053 Pavarde7977166 8 7 1 2 9 4 7 6 7 1 3
Vardas700625 Pavarde8998578 1 5 4 6 6 9 8 6 3 3 2
Vardas9153814 Pavarde2051627 4 1 7 3 2 10 4 7 9 6 4
Vardas3220256 Pavarde6339611 4 5 7 1 5 8 7 1 1 5 7
Vardas4232322 Pavarde4808919 10 5 9 8 1 10 3 8 7 8 9
Vardas2065311 Pavarde9027125 5 6 3 8 9 9 8 4 6 5 6
Vardas244518 Pavarde2362000 8 4 8 5 1 2 1 9 1 8 3
Vardas2673221 Pavarde4070426 9 5 9 9 2 10 9 8 7 8 5
Vardas9157312 Pavarde6916130 1 1 8 7 5 8 3 4 5 10 9
Vardas3765607 Pavarde7895449 10 7 6 4 2 5 6 4 2 9 7
Vardas9704916 Pavarde4388025 4 3 2 1 6 9 1 6 1 2 1
Vardas5796527 Pavarde6208081 8 9 1 8 6 2 10 1 9 2 2
Vardas3722189 Pavarde3463339 8 5 1 10 3 7 8 4 4 9 10
Vardas5727564 Pavarde4419717 5 10 9 3 9 9 10 10 8 8 4
Vardas2199018 Pavarde655782 9 7 2 9 3 2 8 10 3 4 9
Vardas2481647 Pavarde1964887 10 7 5 10 3 8 10 9 2 6 10
Vardas938993 Pavarde51820 7 6 3 6 6 7 5 10 1 8 1
Vardas5058654 Pavarde8143462 10 2 9 5 6 2 6 3 6 4 1
Vardas8988973 Pavarde580607 2 10 10 3 4 10 10 7 1 4 7
Vardas8301599 Pavarde8447936 3 10 10 3 7 6 9 8 2 6 6
Vardas9958100 Pavarde2529992 3 9 2 3 1 8 9 8 5 4 6
Vardas5513111 Pavarde3689505 4 2 10 4 9 3 3 1 1 1 1
Vardas2380721 Pavarde5270619 3 8 9 6 3 7 7 6 6 8 8
Vardas2739814 Pavarde4918350 10 3 2 8 10 5 4 7 9 2 2
Vardas3967694 Pavarde2605471 7 1 9 1 8 6 4 8 2 3 7
Vardas251071 Pavarde1018439 8 5 7 6 9 8 10 6 8 8 4
Vardas5382124 Pavarde5980113 6 1 10 4 2 10 6 5 5 8 2
Vardas9021118 Pavarde3010690 10 2 8 2 1 4 8 4 5 8 1
Vardas5220145 Pavarde2438916 2 6 10 5 3 5 4 4 5 5 6
Vardas4950870 Pavarde9765247 5 8 5 4 4 2 6 5 2 3 8
Vardas9445430 Pavarde3621874 3 4 3 6 10 2 4 4 4 9 6
Vardas4132966 Pavarde7712150 1 5 8 5 1 10 5 6 4 6 2
Vardas5903546 Pavarde7844618 1 6 9 7 8 7 6 5 6 8 2
Vardas9399589 Pavarde7628600 10 4 2 7 5 10 8 5 1 10 8
Vardas7603478 Pavarde7500808 4 6 1 3 9 6 7 7 2 6 8
Vardas5161349 Pavarde828251 9 1 9 9 2 6 10 3 6 9 3
Vardas3522681 Pavarde2810115 7 2 6 7 1 9 2 5 5 3 2
Vardas2332366 Pavarde5712055 9 2 9 10 7 10 3 10 6 8 8
Vardas2951611 Pavarde9405812 2 8 1 1 7 9 5 10 6 8 1
Vardas9674841 Pavarde9753452 2 1 3 9 7 2 2 8 3 9 7
Vardas5408250 Pavarde4946495 10 9 9 1 9 3 2 2 8 10 6
Vardas40532 Pavarde2220687 5 8 8 4 1 7 4 5 1 7 3
Vardas4318397 Pavarde4842856 7 3 8 10 3 10 8 6 1 8 1
Vardas1312760 Pavarde7373744 1 6 7 3 1 4 8 5 9 7 5
Vardas3808015 Pavarde4371317 1 10 10 7 2 7 5 10 3 3 9
Vardas8453210 Pavarde1815856 7 5 1 9 8 7 5 7 2 4 5
Vardas7348251 Pavarde3312223 10 10 4 2 3 8 9 10 4 8 1
Vardas6766132 Pavarde4062250 7 10 6 1 2 10 5 7 1 7 4
Vardas6882191 Pavarde1977866 1 4 9 5 10 4 4 2 3 7 6
Vardas7486759 Pavarde568076 5 7 1 4 2 7 2 7 2 6 6
Vardas6631862 Pavarde6479720 7 4 8 4 4 3 9 8 6 2 9
Vardas5806066 Pavarde7010090 10 1 4 1 6 10 3 3 7 1 2
Vardas9313801 Pavarde4312544 7 8 5 9 1 5 5 2 1 8 9
Vardas8674724 Pavarde6379235 4 9 1 10 1 2 5 7 10 3 5
Vardas1107535 Pavarde2186841 6 7 1 8 3 1 5 1 1 5 10
Vardas4710818 Pavarde1387496 7 6 9 4 5 7 4 9 5 1 10
Vardas4395142 Pavarde9553548 3 5 5 3 5 6 8 6 8 2 7
Vardas7969497 Pavarde940365 3 3 3 10 10 1 2 9 8 8 5
Vardas8832913 Pavarde236316 2 1 5 9 10 5 6 7 8 1 6
Vardas5788618 Pavarde2516822 10 9 7 7 10 4 10 8 10 10 8
Vardas916278 Pavarde9181065 7 1 6 10 3 9 5 5 10 7 8
Vardas230919 Pavarde7886477 2 1 9 2 7 8 1 6 10 10 9
Vardas7341789 Pavarde9059749 3 3 4 2 7 2 1 3 6 4 6
Vardas7320561 Pavarde1943959 2 1 4 1 7 1 7 7 7 5 7
Vardas9381134 Pavarde8562773 7 10 9 5 5 1 8 8 1 4 10
Vardas4477771 Pavarde6053714 5 2 9 9 7 4 2 3 10 5 3
Vardas395514 Pavarde2924709 8 7 4 10 2 7 7 2 6 9 4
Vardas4202365 Pavarde5668788 5 4 4 7 3 5 6 2 4 7 8
Vardas8075451 Pavarde6543374 10 1 8 10 4 6 6 4 1 10 1
Vardas6577547 Pavarde5344628 1 10 8 7 3 6 7 3 10 3 8
Vardas5810962 Pavarde1444448 1 1 1 5 9 5 9 5 1 5 10
Vardas8364407 Pavarde3893462 9 4 2 8 3 5 8 4 10 6 10
Vardas415452 Pavarde2282784 9 8 7 4 10 9 8 9 10 9 5
Vardas7273524 Pavarde4746559 4 2 10 6 7 1 9 1 6 5 10
Vardas4983842 Pavarde8027701 9 8 4 5 7 6 6 7 1 5 1
Vardas2124370 Pavarde1797504 5 6 3 8 3 5 10 1 1 2 2
Vardas3400842 Pavarde6833412 4 3 7 5 7 6 10 5 7 3 3
Vardas2987448 Pavarde2513987 4 8 2 3 4 1 2 2 10 10 8
Vardas4118832 Pavarde8298741 8 6 6 1 1 6 9 1 4 3 6
Vardas2319059 Pavarde4872565 3 7 7 8 10 9 8 1 3 5 9
Vardas3167334 Pavarde503371 9 3 10 7 8 9 2 7 1 5 9
Vardas7891587 Pavarde5760865 5 9 7 6 2 1 2 6 5 3 6
Vardas8619504 Pavarde1566869 8 8 4 7 9 5 1 6 3 9 9
Vardas4392232 Pavarde5662265 10 7 10 1 3 1 6 5 3 1 7
